n_points,mean,std,computation_time
100,1.502475,0.3125971838884669,0.0179825322628021
300,1.5065,0.17371384515921579,0.0224545056819915
500,1.509165,0.13236909675222538,0.0287684574127197
750,1.5058900000000002,0.10692337396472251,0.0338139719963073
1000,1.5076125000000002,0.09466556181500166,0.0407497353553771
1500,1.505225,0.07683667337281007,0.0544727599620819
2000,1.50622125,0.06696881819875128,0.0601381888389587
3000,1.511295,0.05572766794869493,0.0853573231697082
4000,1.5088743749999998,0.0490894090179776,0.1232967109680175
6000,1.5096175,0.03832982609861281,0.179687825679779
8000,1.509406875,0.03344067682922701,0.2463470931053161
10000,1.5093690000000002,0.028984156689474336,0.2829579329490662
12500,1.5086424,0.026452480455337265,0.287331312417984
15000,1.509241,0.02428205961198514,0.3353316044807434
20000,1.509391125,0.021575034892425436,0.4355422248840332
30000,1.50931475,0.016832022900932022,0.8741738543510437
