n_points,mean,std,computation_time
50,1.59029925,0.030981371611623332,0.009200289011001587
1000,1.51020675,0.028295385081979364,0.20561328792572023
1500,1.50912975,0.031157613073492966,0.25688427639007566
2000,1.5087449999999998,0.029800043624129142,0.48921017575263975
2500,1.5072945,0.03042224958398047,0.5189466969966888
3000,1.5085612500000003,0.030785090724854136,0.590523411989212
3500,1.5071055,0.029810809612454338,0.6658500416278839
4000,1.50687975,0.030567510978774512,0.7183920168876647
4500,1.5074677499999998,0.02889211003782001,0.8487721982002259
5000,1.50736725,0.029285648190495967,0.9077986714839935
5500,1.505889,0.03051215420123594,1.145457902431488
6000,1.5077489999999998,0.03075288805949776,1.1098152053356172
6500,1.5077204999999998,0.029834407648719957,1.2533403613567353
7000,1.50675675,0.029396870869830685,1.3942703983783722
7500,1.507125,0.029659214419805527,1.3901947383880615
8000,1.5083879999999998,0.029832169398151386,1.4817021076679229
8500,1.507734,0.03053346310198042,1.5293952209949493
9000,1.50707925,0.029749336663823282,1.690893161058426
9500,1.5062557499999998,0.031150712743651627,1.8266879711151123
