n_points,mean,std,computation_time
50,1.5862425000000002,0.03198853222250123,0.00881838083267212
250,1.5219674999999997,0.027963797019539407,0.041525555849075316
500,1.5153375,0.03037266194705364,0.08319394707679749
750,1.51375875,0.030713264413564055,0.12148072242736817
1000,1.5112312500000002,0.03292418314761202,0.17062493324279784
1250,1.5088425,0.029813192444788597,0.20374141931533812
1500,1.51143375,0.027207587148394847,0.22850604653358458
1750,1.50967875,0.027342370708069556,0.2771118319034576
2000,1.5062099999999998,0.027051218087176778,0.3096240985393524
2250,1.5072375,0.02986627226069568,0.3388642489910126
2500,1.5085049999999998,0.029679390576627416,0.3719834589958191
2750,1.5071025000000002,0.03083758046199476,0.4095587730407715
3000,1.5081,0.031243959416181553,0.44705097675323485
3250,1.5081300000000002,0.03265950244568952,0.4852134048938751
3500,1.5076725,0.03119871181234892,0.5199546658992767
3750,1.5067387499999998,0.03150504223037162,0.5569585609436035
4000,1.5095175,0.03074463886192192,0.5950527989864349
4250,1.50857625,0.030614663536245174,0.6310431826114654
4500,1.5060225000000003,0.02849189786149739,0.6685119354724884
4750,1.5078075000000002,0.02739494376249019,0.7057870924472809
5000,1.5036225,0.03179788701706451,0.7444529438018799
5250,1.506735,0.028714517669638825,0.7856883645057678
5500,1.5071325000000002,0.02973747540982589,0.8171431362628937
5750,1.507965,0.02999236402819892,0.855374847650528
6000,1.5072337500000004,0.03169820654922767,0.9101771318912506
6250,1.5101662499999997,0.03237678834346451,0.9281887733936309
6500,1.5082312500000001,0.03142199605272554,0.9691520643234253
6750,1.50699,0.030509218279070993,1.0034452855587006
7000,1.5091162500000002,0.031733872651119974,1.0430703389644622
7250,1.50496875,0.02734430856572351,1.0757270634174347
7500,1.50744,0.02861359204993318,1.1224209558963776
7750,1.5093975,0.031207022346741123,1.1509606432914734
8000,1.50637125,0.027732561835097386,1.1902262806892394
8250,1.5026849999999998,0.03167845521801844,1.2236971259117126
8500,1.50674625,0.029309698453540933,1.2648326325416566
8750,1.5080924999999998,0.03196730077360301,1.3010222911834717
9000,1.5056212500000001,0.03187808786513865,1.3370153784751893
9250,1.5080099999999999,0.026468387276145103,1.3743079602718353
9500,1.50613125,0.030910505268233652,1.4105897796154023
9750,1.50403125,0.030871355427604722,1.4474536323547362
