n_points,mean,std,computation_time
200,1.5262074749999999,0.03016675546647957,0.032000777244567874
400,1.51629735,0.030163761709665792,0.0645385192155838
600,1.5122082000000001,0.030267888351518675,0.08275031912326812
800,1.51097835,0.02999496905778534,0.1096088583946228
1000,1.5105356250000002,0.029992064360583368,0.15244436976909637
1200,1.5093481499999999,0.030282187075531715,0.1715568748474121
1400,1.509350925,0.030000140339577996,0.19790181183815003
1600,1.5090492749999997,0.030398126228838102,0.2185985761642456
1800,1.5091209749999999,0.030000574516155107,0.25723116571903226
