
[0.1  0.11 0.12 0.13 0.14 0.15 0.16 0.17 0.18 0.19 0.2  0.21 0.22 0.23
 0.24 0.25 0.26 0.27 0.28 0.29 0.3  0.31 0.32 0.33 0.34 0.35 0.36 0.37
 0.38 0.39 0.4  0.41 0.42 0.43 0.44 0.45 0.46 0.47 0.48 0.49 0.5  0.51
 0.52 0.53 0.54 0.55 0.56 0.57 0.58 0.59 0.6  0.61 0.62 0.63 0.64 0.65
 0.66 0.67 0.68 0.69 0.7  0.71 0.72 0.73 0.74 0.75 0.76 0.77 0.78 0.79
 0.8  0.81 0.82 0.83 0.84 0.85 0.86 0.87 0.88 0.89 0.9  0.91 0.92 0.93
 0.94 0.95 0.96 0.97 0.98 0.99]

[3994.25115581 4113.516642   4062.12354917 4129.234373   3889.09007245
 3923.38390841 3927.55350296 3900.82625303 3715.19513327 3711.13896586
 3767.49215627 3786.41318007 3549.4495686  3531.27661591 3608.74928247
 3623.608329   3450.2780268  3456.91775386 3539.37370814 3495.45632192
 3396.91269801 3426.81017745 3447.35827439 3353.18983922 3346.26321975
 3369.18915918 3393.96059395 3296.16107914 3290.15830741 3332.21266599
 3222.87576243 3242.04808528 3174.10479807 3217.49705107 3177.05254985
 3196.61537222 3192.2631215  3135.163036   3156.46304754 3138.69448223
 3136.29298767 3081.1781116  3080.53521502 3066.08550792 3053.55330298
 3045.8933609  3027.68489153 3038.04868739 3019.95847142 3017.44213362
 3029.5326157  3021.58123352 3046.57911976 2997.83314125 3002.06066822
 2971.30417497 2964.70034319 2959.16358012 2926.18345941 2937.94332901
 2944.28729319 2933.45508772 2942.18958103 2922.3951333  2892.68551163
 2907.57125797 2904.23016042 2892.80323012 2896.56348896 2913.61964126
 2890.34426143 2927.35153414 2880.93158972 2874.79569608 2851.91930121
 2848.01890148 2865.29704696 2842.72506365 2833.900804   2843.71834343
 2839.49057792 2813.03477156 2829.99385443 2795.70955605 2785.97101054
 2752.18647527 2756.82091086 2714.63003356 2726.51610286 2679.477483  ]